21839 1.4386798890990091e-06
21830 1.3828469038614106e-06
21824 1.3452703898437586e-06
21808 1.2297750765207703e-06
21799 1.1818456600631417e-06
21788 9.881333250182127e-07
21763 9.297813695468852e-07
21731 8.553709150931827e-07
21702 7.490200528117395e-07
21674 6.467098300196812e-07
21631 4.3602459426773547e-07
21626 2.948190295778186e-07
21566 1.606119294047358e-07
21500 3.9550520269384946e-08
21341 1.8044124756252078e-08
21002 1.2535322176089867e-08
20463 9.203731652340544e-09
19449 7.883833230356509e-09
18191 6.284174179423126e-09
16337 2.648737361890729e-09
14080 0.0
0 0.0
