21839 2.9867338083888885e-06
21838 2.9569069815397152e-06
21836 2.867017617310296e-06
21833 2.77857375202815e-06
21830 2.691837015656394e-06
21827 1.0716208979593162e-06
21823 9.929999413258216e-07
21819 9.60877372705351e-07
21815 8.594624292347327e-07
21810 7.826760720094897e-07
21804 6.95245720088175e-07
21798 5.632071690860121e-07
21791 5.085477532230386e-07
21783 4.3985920619247903e-07
21774 2.631737825380629e-07
21765 2.0411058724196659e-07
21755 1.5347613223729778e-07
21743 4.438939868596704e-08
21730 2.3160568872848992e-08
21712 7.2808799968859865e-09
21647 0.0
0 0.0
