21839 3.0827608707828165e-06
21529 3.0294718097111304e-06
21120 3.0004210010981334e-06
20820 2.9676194989683175e-06
20273 2.984372373378177e-06
19698 2.971031835907314e-06
18979 3.0339457952406553e-06
18116 3.0191872297079616e-06
17281 3.073984865281241e-06
16362 3.1795569972173455e-06
15553 3.1758021915421097e-06
14974 3.1044615591363275e-06
14284 3.157784811521937e-06
13347 2.836725247771147e-06
12395 2.885135938124425e-06
11233 2.667151868074755e-06
10134 2.5280246590444743e-06
8457 2.811673703381002e-06
6345 3.725232672784207e-06
4838 8.186689290451201e-07
98 0.0
98 0.0
0 0.0
