21838 3.023409004293552e-06
21830 2.8323161547709875e-06
21823 2.5969625806139694e-06
21820 1.0768194311709972e-06
21818 1.0764049069536754e-06
21808 7.218048369636952e-07
21806 6.188179551038795e-07
21801 5.674317021657346e-07
21792 4.5193165764103107e-07
21791 4.5064905598983544e-07
21787 4.2857989523942327e-07
21776 2.5885288191218586e-07
21771 2.1940855395254972e-07
21761 1.8910931354207141e-07
21753 1.684477526386642e-07
21742 1.2140385719520375e-07
21731 1.0089990983486378e-07
21696 3.0095132679653207e-09
21695 2.9957743787391223e-09
21694 2.890817147065442e-09
21647 0.0
21647 0.0
0 0.0
