21839 2.9867338083888885e-06
21838 2.9569069815397152e-06
21836 2.867017617310296e-06
21833 2.759330827424242e-06
21830 2.691837015656394e-06
21827 1.162007106430855e-06
21824 1.0097812031761904e-06
21819 9.298557090507427e-07
21815 8.457129280546236e-07
21810 8.088736476811368e-07
21804 6.949301506201194e-07
21798 5.399807382801119e-07
21791 4.983284430081974e-07
21783 4.281464659673125e-07
21774 2.602472388863574e-07
21765 1.9225188014027068e-07
21755 1.4821299555997728e-07
21743 3.914463696118257e-08
21730 2.3160568872848992e-08
21712 7.2808799968859865e-09
21647 0.0
0 0.0