21839 1.4386798890990091e-06
21838 1.3832446861068552e-06
21819 1.3320983664191228e-06
21805 1.234729318994039e-06
21795 1.119267205790648e-06
21781 9.264250589995646e-07
21771 8.269482203671149e-07
21757 6.839090868636965e-07
21741 6.496615239721523e-07
21719 5.957571050178652e-07
21662 5.570714379741906e-07
21627 3.648000669448639e-07
21578 1.8571505653901448e-07
21534 1.2365848797858775e-07
21476 3.297625955516631e-08
21360 1.3683391131670947e-08
21087 8.084642161745902e-09
20340 6.9206756105878866e-09
19178 5.658792964469228e-09
15916 5.234314343477357e-09
13782 8.659153491937822e-10
6100 0.0
6100 0.0
0 0.0
