21840 3.082517560227736e-06
21550 3.972126758901019e-07
21499 3.3101240689841306e-07
21416 1.4717364630105627e-07
21377 8.087361441777353e-08
21183 5.457233662583259e-08
20884 5.5826679992909485e-08
20852 5.5990317421095295e-08
20326 5.646511712143438e-08
20072 5.7475082006340826e-08
20052 5.758370354470512e-08
19644 5.745782115181944e-08
19630 4.820758317603183e-08
19525 4.5809763760200104e-08
19524 4.198282612486659e-08
19362 4.2156823487982594e-08
18890 4.3375708136263464e-08
17920 1.720641583090778e-08
16223 8.819433453268448e-09
14629 6.835196728660532e-10
12751 0.0
12751 0.0
0 0.0
